SFO     2011    01          0.94    50.5
SFO     2011    02          4.79    50.6
SFO     2011    03          5.70    53.7
SFO     2011    04          0.33    55.5
SFO     2011    05          0.47    56.9
SFO     2011    06          1.49    60.5
SFO     2011    07          0.00    62.7
SFO     2011    08          0.00    62.2
SFO     2011    09          0.01    64.7
SFO     2011    10          1.18    63.0
SFO     2011    11          1.56    53.8
SFO     2011    12          0.13    49.3
SFO     2012    01          2.16    50.5
SFO     2012    02          0.66    52.2
SFO     2012    03          4.76    53.2
SFO     2012    04          2.80    56.9
SFO     2012    05          0.00    58.4
SFO     2012    06          0.09    61.4
SFO     2012    07          0.00    62.4
SFO     2012    08          0.00    61.6
SFO     2012    09          0.00    60.6
SFO     2012    10          0.71    63.3
SFO     2012    11          4.06    58.1
SFO     2012    12          6.24    51.9
SFO     2013    01          0.20    48.6
SFO     2013    02          0.67    50.9
SFO     2013    03          0.49    54.6
SFO     2013    04          0.48    58.5
SFO     2013    05          0.01    60.4
SFO     2013    06          0.05    62.7
SFO     2013    07          0.00    62.8
SFO     2013    08          0.00    64.4
SFO     2013    09          0.23    65.5
SFO     2013    10          0.00    60.8
SFO     2013    11          0.91    57.2
SFO     2013    12          0.35    49.7
SFO     2014    01          0.01    55.1
SFO     2014    02          3.77    54.9
SFO     2014    03          1.93    59.0
SFO     2014    04          1.61    60.1
SFO     2014    05          0.00    63.5
SFO     2014    06          0.00    64.3
SFO     2014    07          0.00    66.9
SFO     2014    08          0.00    67.0
SFO     2014    09          0.42    68.4
SFO     2014    10          0.31    68.6
SFO     2014    11          1.99    59.6
SFO     2014    12         10.66    56.8
SFO     2015    01          0.00    53.9
SFO     2015    02          2.01    58.6
SFO     2015    03          0.06    60.3
SFO     2015    04          1.28    58.7
SFO     2015    05          0.02    58.5
SFO     2015    06          0.26    62.8
SFO     2015    07          0.00    66.6
SFO     2015    08          0.00    68.0
SFO     2015    09          0.02    67.1
SFO     2015    10          0.00    65.6
SFO     2015    11          1.43    54.3
SFO     2015    12          3.37    50.5
SFO     2016    01          5.58    52.7
SFO     2016    02          0.85    56.9
SFO     2016    03          5.14    57.7
SFO     2016    04          0.82    60.3
SFO     2016    05          0.06    61.1
SFO     2016    06          0.00    63.4
SFO     2016    07          0.00    62.9
SFO     2016    08          0.00    63.8
SFO     2016    09          0.00    64.8
SFO     2016    10          2.78    63.4
SFO     2016    11          1.54    58.3
SFO     2016    12          4.63    50.7
